-2.712763249874114990e-01
-2.911224663257598877e-01
-3.844803571701049805e-01
-6.362023949623107910e-01
-6.749834418296813965e-01
-8.020594716072082520e-01
-8.801277279853820801e-01
-8.099574446678161621e-01
-9.890789985656738281e-01
-1.093372464179992676e+00
-1.146936774253845215e+00
-1.232498049736022949e+00
-1.267836213111877441e+00
-1.138228774070739746e+00
-1.216297030448913574e+00
-1.326109051704406738e+00
-1.271886467933654785e+00
-1.361092925071716309e+00
-1.409189343452453613e+00
-1.337196469306945801e+00
-1.294972777366638184e+00
-1.404734134674072266e+00
-1.375572562217712402e+00
-1.412733435630798340e+00
-1.398557662963867188e+00
-1.354207515716552734e+00
-1.357447743415832520e+00
-1.461842536926269531e+00
-1.440983772277832031e+00
-1.454754471778869629e+00
-1.415366172790527344e+00
-1.173465847969055176e+00
-1.257508277893066406e+00
-1.238472104072570801e+00
-1.188806176185607910e+00
-1.084056973457336426e+00
-1.066843509674072266e+00
-8.315249085426330566e-01
-8.447894454002380371e-01
-9.282242655754089355e-01
-7.896049618721008301e-01
-7.462674975395202637e-01
-7.980597615242004395e-01
-5.812204480171203613e-01
-5.794991254806518555e-01
-6.375187039375305176e-01
-5.301875472068786621e-01
-4.759143888950347900e-01
-4.093892872333526611e-01
-2.162943929433822632e-01
-1.822724342346191406e-01
-1.182787418365478516e-01
5.557754635810852051e-02
1.311144083738327026e-01
1.383035629987716675e-01
3.358031213283538818e-01
5.266197323799133301e-01
3.980247974395751953e-01
4.282496869564056396e-01
4.924964904785156250e-01
5.026220679283142090e-01
6.968308091163635254e-01
7.848221659660339355e-01
6.795666813850402832e-01
7.176389098167419434e-01
6.627076268196105957e-01
6.623025536537170410e-01
7.866784930229187012e-01
7.038174271583557129e-01
5.246452689170837402e-01
4.312367439270019531e-01
3.652179241180419922e-01
3.583325147628784180e-01
3.917469680309295654e-01
4.753842353820800781e-01
4.072391092777252197e-01
4.452100098133087158e-01
3.987842500209808350e-01
5.262653231620788574e-01
6.393175125122070312e-01
6.630113124847412109e-01
5.254046320915222168e-01
5.039890408515930176e-01
5.306699275970458984e-01
4.535130262374877930e-01
7.097916007041931152e-01
7.411301732063293457e-01
6.107633709907531738e-01
5.667170882225036621e-01
5.920310020446777344e-01
6.647326946258544922e-01
7.033112049102783203e-01
7.987955212593078613e-01
6.983496546745300293e-01
6.361278891563415527e-01
6.233190894126892090e-01
5.516299605369567871e-01
7.545466423034667969e-01
7.731778025627136230e-01
6.922742724418640137e-01
6.875152587890625000e-01
5.111275911331176758e-01
6.213951706886291504e-01
7.451298832893371582e-01
6.779972910881042480e-01
5.626668334007263184e-01
5.471746325492858887e-01
5.497060418128967285e-01
5.057610273361206055e-01
5.441369414329528809e-01
4.751817286014556885e-01
4.191873073577880859e-01
4.930534064769744873e-01
3.917975723743438721e-01
4.261739253997802734e-01
5.778045654296875000e-01
5.034321546554565430e-01
5.468708872795104980e-01
5.148740410804748535e-01
4.738654196262359619e-01
5.346189141273498535e-01
6.724788546562194824e-01
7.888724207878112793e-01
7.399151921272277832e-01
8.093767166137695312e-01
8.492208123207092285e-01
8.799014091491699219e-01
9.753856658935546875e-01
1.057504177093505859e+00
1.079274177551269531e+00
1.037050366401672363e+00
1.027026176452636719e+00
9.932066798210144043e-01
1.110967159271240234e+00
9.725505709648132324e-01
7.982891201972961426e-01
7.513064742088317871e-01
6.759214401245117188e-01
5.928410887718200684e-01
5.390235781669616699e-01
4.059227705001831055e-01
1.517706066370010376e-01
-2.249071002006530762e-02
-1.143297553062438965e-01
